service_id,monday,tuesday,wednesday,thursday,friday,saturday,sunday,start_date,end_date
21S-H50S000S-80-S,1,1,1,1,1,0,0,20210823,20211001
21S-H50S000S-80-SV,0,0,0,0,1,0,0,20210823,20211001
21S-H54S000S-85-S,1,1,1,1,1,0,0,20210823,20211001
21S-H55S000S-81-S,1,1,1,1,1,0,0,20210823,20211022
21S-H55S000S-81-SV,0,0,0,0,1,0,0,20210823,20211022
21S-H56S000S-80-S,1,1,1,1,1,0,0,20210823,20211001
21S-H56S000S-80-SV,0,0,0,0,1,0,0,20210823,20211001
21S-H57S000S-82-S,1,1,1,1,1,0,0,20210823,20211022
21S-H58S000S-84-S,1,1,1,1,1,0,0,20210823,20211001
21S-H59S000S-83-S,1,1,1,1,1,0,0,20210823,20211001
21S-H59S000S-83-SV,0,0,0,0,1,0,0,20210823,20211001
21S-H60S000S-81-S,1,1,1,1,1,0,0,20210823,20211001
21S-H62S000S-00-S,1,1,1,1,1,0,0,20210823,20211022
21S-GLOBAUX-00-S,1,1,1,1,1,0,0,20210823,20211022
21S-H50S000A-04-A,0,0,0,0,0,1,0,20210828,20211023
21S-H54S000A-01-A,0,0,0,0,0,1,0,20210828,20211023
21S-H55S000A-01-A,0,0,0,0,0,1,0,20210828,20211023
21S-H56S000A-00-A,0,0,0,0,0,1,0,20210828,20211002
21S-H57S000A-01-A,0,0,0,0,0,1,0,20210828,20211023
21S-H58S000A-00-A,0,0,0,0,0,1,0,20210828,20211023
21S-H59S000A-80-A,0,0,0,0,0,1,0,20210828,20211023
21S-H60S000A-02-A,0,0,0,0,0,1,0,20210828,20211002
21S-H62S000A-00-A,0,0,0,0,0,1,0,20210828,20211023
21S-GLOBAUX-00-A,0,0,0,0,0,1,0,20210828,20211023
21S-H50S000I-05-I,0,0,0,0,0,0,1,20210829,20211024
21S-H54S000I-01-I,0,0,0,0,0,0,1,20210829,20211024
21S-H55S000I-01-I,0,0,0,0,0,0,1,20210829,20211024
21S-H56S000I-00-I,0,0,0,0,0,0,1,20210829,20211003
21S-H57S000I-01-I,0,0,0,0,0,0,1,20210829,20211024
21S-H58S000I-01-I,0,0,0,0,0,0,1,20210829,20211024
21S-H59S000I-81-I,0,0,0,0,0,0,1,20210829,20211024
21S-H60S000I-00-I,0,0,0,0,0,0,1,20210829,20211003
21S-H62S000I-00-I,0,0,0,0,0,0,1,20210829,20211024
21S-GLOBAUX-00-I,0,0,0,0,0,0,1,20210829,20211024
21S-H50S100F-01-F1,1,0,0,0,0,0,0,20210906,20210906
21S-H54S100F-06-F1,1,0,0,0,0,0,0,20210906,20210906
21S-H55S100F-01-F1,1,0,0,0,0,0,0,20210906,20210906
21S-H56S100F-00-F1,1,0,0,0,0,0,0,20210906,20210906
21S-H57S100F-01-F1,1,0,0,0,0,0,0,20210906,20210906
21S-H58S100F-01-F1,1,0,0,0,0,0,0,20210906,20210906
21S-H59S100F-00-F1,1,0,0,0,0,0,0,20210906,20210906
21S-H60S100F-00-F1,1,0,0,0,0,0,0,20210906,20210906
21S-H62S100F-00-F1,1,0,0,0,0,0,0,20210906,20210906
21S-GLOBAUX-00-F1,1,0,0,0,0,0,0,20210906,20210906
21S-H50S000S-83-S,1,1,1,1,1,0,0,20211004,20211022
21S-H50S000S-83-SV,0,0,0,0,1,0,0,20211004,20211022
21S-H54S000S-86-S,1,1,1,1,1,0,0,20211004,20211022
21S-H56S000S-83-S,1,1,1,1,1,0,0,20211004,20211022
21S-H56S000S-83-SV,0,0,0,0,1,0,0,20211004,20211022
21S-H58S000S-87-S,1,1,1,1,1,0,0,20211004,20211022
21S-H59S000S-86-S,1,1,1,1,1,0,0,20211004,20211022
21S-H59S000S-86-SV,0,0,0,0,1,0,0,20211004,20211022
21S-H60S000S-84-S,1,1,1,1,1,0,0,20211004,20211022
21S-H56S000A-01-A,0,0,0,0,0,1,0,20211009,20211023
21S-H60S000A-03-A,0,0,0,0,0,1,0,20211009,20211023
21S-H56S000I-01-I,0,0,0,0,0,0,1,20211010,20211024
21S-H60S000I-01-I,0,0,0,0,0,0,1,20211010,20211024
21S-H50S200F-01-F2,1,0,0,0,0,0,0,20211011,20211011
21S-H54S200F-11-F2,1,0,0,0,0,0,0,20211011,20211011
21S-H55S200F-01-F2,1,0,0,0,0,0,0,20211011,20211011
21S-H56S200F-01-F2,1,0,0,0,0,0,0,20211011,20211011
21S-H57S200F-01-F2,1,0,0,0,0,0,0,20211011,20211011
21S-H58S200F-01-F2,1,0,0,0,0,0,0,20211011,20211011
21S-H59S200F-00-F2,1,0,0,0,0,0,0,20211011,20211011
21S-H60S200F-02-F2,1,0,0,0,0,0,0,20211011,20211011
21S-H62S200F-00-F2,1,0,0,0,0,0,0,20211011,20211011
21S-GLOBAUX-00-F2,1,0,0,0,0,0,0,20211011,20211011
21N-H50N000S-82-S,1,1,1,1,1,0,0,20211025,20211217
21N-H50N000S-82-SV,0,0,0,0,1,0,0,20211025,20211217
21N-H54N000S-84-S,1,1,1,1,1,0,0,20211025,20211217
21N-H55N000S-82-S,1,1,1,1,1,0,0,20211025,20211217
21N-H55N000S-82-SV,0,0,0,0,1,0,0,20211025,20211217
21N-H56N000S-82-S,1,1,1,1,1,0,0,20211025,20211217
21N-H56N000S-82-SV,0,0,0,0,1,0,0,20211025,20211217
21N-H57N000S-83-S,1,1,1,1,1,0,0,20211025,20211217
21N-H58N000S-82-S,1,1,1,1,1,0,0,20211025,20211217
21N-H59N000S-82-S,1,1,1,1,1,0,0,20211025,20211217
21N-H59N000S-82-SV,0,0,0,0,1,0,0,20211025,20211217
21N-H60N000S-01-S,1,1,1,1,1,0,0,20211025,20211217
21N-H62N000S-00-S,1,1,1,1,1,0,0,20211025,20211217
21N-GLOBAUX-00-S,1,1,1,1,1,0,0,20211025,20211231
21N-H50N000A-01-A,0,0,0,0,0,1,0,20211030,20211218
21N-H54N000A-00-A,0,0,0,0,0,1,0,20211030,20211218
21N-H55N000A-01-A,0,0,0,0,0,1,0,20211030,20211218
21N-H56N000A-01-A,0,0,0,0,0,1,0,20211030,20211218
21N-H57N000A-01-A,0,0,0,0,0,1,0,20211030,20211218
21N-H58N000A-00-A,0,0,0,0,0,1,0,20211030,20211218
21N-H59N000A-80-A,0,0,0,0,0,1,0,20211030,20211218
21N-H60N000A-01-A,0,0,0,0,0,1,0,20211030,20211218
21N-H62N000A-00-A,0,0,0,0,0,1,0,20211030,20211218
21N-GLOBAUX-00-A,0,0,0,0,0,1,0,20211030,20211218
21N-H50N000I-01-I,0,0,0,0,0,0,1,20211031,20211219
21N-H54N000I-00-I,0,0,0,0,0,0,1,20211031,20211219
21N-H55N000I-01-I,0,0,0,0,0,0,1,20211031,20211219
21N-H56N000I-01-I,0,0,0,0,0,0,1,20211031,20211219
21N-H57N000I-01-I,0,0,0,0,0,0,1,20211031,20211219
21N-H58N000I-00-I,0,0,0,0,0,0,1,20211031,20211219
21N-H59N000I-80-I,0,0,0,0,0,0,1,20211031,20211219
21N-H60N000I-01-I,0,0,0,0,0,0,1,20211031,20211219
21N-H62N000I-00-I,0,0,0,0,0,0,1,20211031,20211219
21N-GLOBAUX-00-I,0,0,0,0,0,0,1,20211031,20211219
21N-H50NV10S-82-S,1,1,1,1,1,0,0,20211220,20211224
21N-H50NV10S-82-SV,0,0,0,0,1,0,0,20211220,20211224
21N-H54NV10S-84-S,1,1,1,1,1,0,0,20211220,20211224
21N-H55NV10S-82-S,1,1,1,1,1,0,0,20211220,20211224
21N-H55NV10S-82-SV,0,0,0,0,1,0,0,20211220,20211224
21N-H56NV10S-82-S,1,1,1,1,1,0,0,20211220,20211224
21N-H56NV10S-82-SV,0,0,0,0,1,0,0,20211220,20211224
21N-H57NV10S-80-S,1,1,1,1,1,0,0,20211220,20211224
21N-H58NV10S-83-S,1,1,1,1,1,0,0,20211220,20211224
21N-H59NV10S-83-S,1,1,1,1,1,0,0,20211220,20211224
21N-H59NV10S-83-SV,0,0,0,0,1,0,0,20211220,20211224
21N-H60NV10S-83-S,1,1,1,1,1,0,0,20211220,20211224
21N-H62NV10S-00-S,1,1,1,1,1,0,0,20211220,20211224
21N-H50N100F-00-F1,0,0,0,0,0,1,0,20211225,20211225
21N-H54N100F-25-F1,0,0,0,0,0,1,0,20211225,20211225
21N-H55N100F-01-F1,0,0,0,0,0,1,0,20211225,20211225
21N-H56N100F-01-F1,0,0,0,0,0,1,0,20211225,20211225
21N-H57N100F-01-F1,0,0,0,0,0,1,0,20211225,20211225
21N-H58N100F-00-F1,0,0,0,0,0,1,0,20211225,20211225
21N-H59N100F-00-F1,0,0,0,0,0,1,0,20211225,20211225
21N-H60N100F-02-F1,0,0,0,0,0,1,0,20211225,20211225
21N-H62N100F-00-F1,0,0,0,0,0,1,0,20211225,20211225
21N-GLOBAUX-00-F1,0,0,0,0,0,1,0,20211225,20211225
21N-H50N200F-00-F2,0,0,0,0,0,0,1,20211226,20211226
21N-H54N200F-26-F2,0,0,0,0,0,0,1,20211226,20211226
21N-H55N200F-01-F2,0,0,0,0,0,0,1,20211226,20211226
21N-H56N200F-01-F2,0,0,0,0,0,0,1,20211226,20211226
21N-H57N200F-01-F2,0,0,0,0,0,0,1,20211226,20211226
21N-H58N200F-02-F2,0,0,0,0,0,0,1,20211226,20211226
21N-H59N200F-00-F2,0,0,0,0,0,0,1,20211226,20211226
21N-H60N200F-02-F2,0,0,0,0,0,0,1,20211226,20211226
21N-H62N200F-00-F2,0,0,0,0,0,0,1,20211226,20211226
21N-GLOBAUX-00-F2,0,0,0,0,0,0,1,20211226,20211226
21N-H50NV20S-80-S,1,1,1,1,1,0,0,20211227,20211231
21N-H50NV20S-80-SV,0,0,0,0,1,0,0,20211227,20211231
21N-H54NV20S-84-S,1,1,1,1,1,0,0,20211227,20211231
21N-H55NV20S-82-S,1,1,1,1,1,0,0,20211227,20211231
21N-H55NV20S-82-SV,0,0,0,0,1,0,0,20211227,20211231
21N-H56NV20S-82-S,1,1,1,1,1,0,0,20211227,20211231
21N-H56NV20S-82-SV,0,0,0,0,1,0,0,20211227,20211231
21N-H57NV20S-80-S,1,1,1,1,1,0,0,20211227,20211231
21N-H58NV20S-83-S,1,1,1,1,1,0,0,20211227,20211231
21N-H59NV20S-82-S,1,1,1,1,1,0,0,20211227,20211231
21N-H59NV20S-82-SV,0,0,0,0,1,0,0,20211227,20211231
21N-H60NV20S-01-S,1,1,1,1,1,0,0,20211227,20211231
21N-H62NV20S-00-S,1,1,1,1,1,0,0,20211227,20211231
21N-H50N300F-00-F3,0,0,0,0,0,1,0,20220101,20220101
21N-H54N300F-01-F3,0,0,0,0,0,1,0,20220101,20220101
21N-H55N300F-01-F3,0,0,0,0,0,1,0,20220101,20220101
21N-H56N300F-01-F3,0,0,0,0,0,1,0,20220101,20220101
21N-H57N300F-01-F3,0,0,0,0,0,1,0,20220101,20220101
21N-H58N300F-00-F3,0,0,0,0,0,1,0,20220101,20220101
21N-H59N300F-00-F3,0,0,0,0,0,1,0,20220101,20220101
21N-H60N300F-01-F3,0,0,0,0,0,1,0,20220101,20220101
21N-H62N300F-00-F3,0,0,0,0,0,1,0,20220101,20220101
21N-GLOBAUX-00-F3,0,0,0,0,0,1,0,20220101,20220101
21N-H50N400F-00-F4,0,0,0,0,0,0,1,20220102,20220102
21N-H54N400F-02-F4,0,0,0,0,0,0,1,20220102,20220102
21N-H55N400F-01-F4,0,0,0,0,0,0,1,20220102,20220102
21N-H56N400F-01-F4,0,0,0,0,0,0,1,20220102,20220102
21N-H57N400F-01-F4,0,0,0,0,0,0,1,20220102,20220102
21N-H58N400F-01-F4,0,0,0,0,0,0,1,20220102,20220102
21N-H59N400F-00-F4,0,0,0,0,0,0,1,20220102,20220102
21N-H60N400F-03-F4,0,0,0,0,0,0,1,20220102,20220102
21N-H62N400F-00-F4,0,0,0,0,0,0,1,20220102,20220102
21N-GLOBAUX-00-F4,0,0,0,0,0,0,1,20220102,20220102
